Multiple size <= 100
TEST 1 ARG:46 8 21 93 55 91 47 20 69 72 92 88 13 68 67 30 38 36 14 53 56 76 79 97 7 41 57 28 80 99 59 9 58 70 90 43 98 89 48 75 17 37 82 24 39 44 23 81 74 77 18 0 33 29 5 64 78 65 83 62 22 6 96 1 49 45 52 94 16 51 60 61 34 3 26 66 73 54 95 15 85 2 42 25 40 32 86 31 4 35 11 87 12 50 71 27 84 10 19 63 
TEST 1 ARG:46 8 21 93 55 91 47 20 69 72 92 88 13 68 67 30 38 36 14 53 56 76 79 97 7 41 57 28 80 99 59 9 58 70 90 43 98 89 48 75 17 37 82 24 39 44 23 81 74 77 18 0 33 29 5 64 78 65 83 62 22 6 96 1 49 45 52 94 16 51 60 61 34 3 26 66 73 54 95 15 85 2 42 25 40 32 86 31 4 35 11 87 12 50 71 27 84 10 19 63 
TEST 2 ARG:48 97 99 11 45 94 65 7 17 0 51 50 33 41 86 28 96 23 53 19 49 83 92 44 16 14 1 54 73 20 10 46 79 91 15 67 69 56 57 81 2 13 21 85 62 72 22 60 90 95 55 77 39 26 84 30 38 89 36 59 47 31 98 9 25 4 3 40 58 6 43 64 80 66 12 71 29 42 8 5 52 37 74 70 78 75 61 87 32 76 63 18 93 34 68 35 82 27 24 88 
TEST 2 ARG:48 97 99 11 45 94 65 7 17 0 51 50 33 41 86 28 96 23 53 19 49 83 92 44 16 14 1 54 73 20 10 46 79 91 15 67 69 56 57 81 2 13 21 85 62 72 22 60 90 95 55 77 39 26 84 30 38 89 36 59 47 31 98 9 25 4 3 40 58 6 43 64 80 66 12 71 29 42 8 5 52 37 74 70 78 75 61 87 32 76 63 18 93 34 68 35 82 27 24 88 
TEST 3 ARG:23 80 19 38 59 13 98 37 93 27 30 3 33 39 8 7 18 16 43 41 88 82 34 10 73 85 24 76 65 60 4 49 28 26 9 32 6 61 75 91 72 78 79 5 71 14 70 94 50 92 40 0 47 58 57 46 74 53 22 11 12 90 96 83 62 67 15 87 36 44 2 25 64 99 1 45 54 48 63 55 52 20 17 69 66 95 84 77 56 29 51 21 42 81 68 97 31 35 86 89 
TEST 3 ARG:23 80 19 38 59 13 98 37 93 27 30 3 33 39 8 7 18 16 43 41 88 82 34 10 73 85 24 76 65 60 4 49 28 26 9 32 6 61 75 91 72 78 79 5 71 14 70 94 50 92 40 0 47 58 57 46 74 53 22 11 12 90 96 83 62 67 15 87 36 44 2 25 64 99 1 45 54 48 63 55 52 20 17 69 66 95 84 77 56 29 51 21 42 81 68 97 31 35 86 89 
TEST 4 ARG:63 41 66 78 28 89 83 38 40 74 37 39 61 34 10 3 18 21 19 15 93 58 7 56 98 9 62 32 53 23 36 51 72 20 59 13 35 73 42 91 85 76 71 81 88 60 31 17 27 26 4 82 25 29 86 48 80 69 97 87 68 52 49 16 24 90 96 57 5 95 8 12 43 75 77 11 55 33 6 79 84 2 0 30 47 70 92 46 50 67 64 14 22 65 1 44 94 45 54 99 
TEST 4 ARG:63 41 66 78 28 89 83 38 40 74 37 39 61 34 10 3 18 21 19 15 93 58 7 56 98 9 62 32 53 23 36 51 72 20 59 13 35 73 42 91 85 76 71 81 88 60 31 17 27 26 4 82 25 29 86 48 80 69 97 87 68 52 49 16 24 90 96 57 5 95 8 12 43 75 77 11 55 33 6 79 84 2 0 30 47 70 92 46 50 67 64 14 22 65 1 44 94 45 54 99 
TEST 5 ARG:56 9 52 63 30 55 46 80 36 37 76 11 26 28 41 12 95 35 40 48 57 29 93 79 1 20 65 47 58 66 91 71 31 16 94 43 5 90 19 15 32 6 33 38 13 3 2 21 8 96 85 10 54 83 99 25 24 97 75 84 59 51 68 42 77 4 0 17 64 81 87 14 78 86 49 73 89 45 27 92 61 98 22 39 23 18 60 34 70 44 88 53 62 7 69 50 72 82 67 74 
TEST 5 ARG:56 9 52 63 30 55 46 80 36 37 76 11 26 28 41 12 95 35 40 48 57 29 93 79 1 20 65 47 58 66 91 71 31 16 94 43 5 90 19 15 32 6 33 38 13 3 2 21 8 96 85 10 54 83 99 25 24 97 75 84 59 51 68 42 77 4 0 17 64 81 87 14 78 86 49 73 89 45 27 92 61 98 22 39 23 18 60 34 70 44 88 53 62 7 69 50 72 82 67 74 
TEST 6 ARG:54 57 88 65 42 8 7 70 37 30 15 3 26 9 47 50 94 73 90 63 18 95 46 71 25 29 44 58 67 72 16 45 81 33 78 93 92 77 53 14 48 10 61 68 28 59 11 12 52 40 0 32 76 21 66 19 49 60 27 36 85 83 75 64 22 35 13 91 51 98 1 74 80 17 79 84 39 89 23 62 87 97 82 56 20 6 2 41 4 99 86 31 69 34 96 43 24 38 55 5 
TEST 6 ARG:54 57 88 65 42 8 7 70 37 30 15 3 26 9 47 50 94 73 90 63 18 95 46 71 25 29 44 58 67 72 16 45 81 33 78 93 92 77 53 14 48 10 61 68 28 59 11 12 52 40 0 32 76 21 66 19 49 60 27 36 85 83 75 64 22 35 13 91 51 98 1 74 80 17 79 84 39 89 23 62 87 97 82 56 20 6 2 41 4 99 86 31 69 34 96 43 24 38 55 5 
TEST 7 ARG:83 44 70 38 46 18 51 19 64 55 23 37 24 88 40 54 96 68 66 75 77 13 92 49 35 43 87 27 6 28 10 29 85 1 56 47 34 74 89 94 67 17 52 60 71 90 95 33 5 12 73 57 21 42 30 53 62 93 15 50 7 99 8 78 31 97 48 39 59 0 72 91 82 22 2 81 32 98 3 86 84 41 65 63 9 61 14 45 11 26 36 20 69 76 25 79 80 58 4 16 
TEST 7 ARG:83 44 70 38 46 18 51 19 64 55 23 37 24 88 40 54 96 68 66 75 77 13 92 49 35 43 87 27 6 28 10 29 85 1 56 47 34 74 89 94 67 17 52 60 71 90 95 33 5 12 73 57 21 42 30 53 62 93 15 50 7 99 8 78 31 97 48 39 59 0 72 91 82 22 2 81 32 98 3 86 84 41 65 63 9 61 14 45 11 26 36 20 69 76 25 79 80 58 4 16 
TEST 8 ARG:3 15 75 70 33 5 52 39 4 45 72 90 82 56 13 2 83 63 7 81 30 92 54 69 59 53 17 1 50 14 18 58 96 98 89 74 94 12 6 88 51 95 37 36 28 41 85 42 31 20 40 62 84 66 35 99 46 24 47 64 48 10 16 25 79 86 60 55 67 43 0 65 49 78 71 27 34 44 26 19 23 32 8 57 11 38 73 91 29 93 21 61 22 97 80 87 77 9 76 68 
TEST 8 ARG:3 15 75 70 33 5 52 39 4 45 72 90 82 56 13 2 83 63 7 81 30 92 54 69 59 53 17 1 50 14 18 58 96 98 89 74 94 12 6 88 51 95 37 36 28 41 85 42 31 20 40 62 84 66 35 99 46 24 47 64 48 10 16 25 79 86 60 55 67 43 0 65 49 78 71 27 34 44 26 19 23 32 8 57 11 38 73 91 29 93 21 61 22 97 80 87 77 9 76 68 
TEST 9 ARG:67 31 6 57 58 69 24 16 39 23 27 2 41 38 90 80 12 14 47 0 86 99 64 34 9 26 15 70 29 94 11 96 71 44 84 72 17 92 97 59 30 87 45 55 10 35 95 46 19 28 8 73 43 78 51 21 85 3 20 62 63 77 4 74 54 56 60 52 65 25 13 61 53 5 81 75 91 50 88 33 42 40 79 36 48 98 7 37 83 18 76 68 93 89 66 1 22 32 82 49 
TEST 9 ARG:67 31 6 57 58 69 24 16 39 23 27 2 41 38 90 80 12 14 47 0 86 99 64 34 9 26 15 70 29 94 11 96 71 44 84 72 17 92 97 59 30 87 45 55 10 35 95 46 19 28 8 73 43 78 51 21 85 3 20 62 63 77 4 74 54 56 60 52 65 25 13 61 53 5 81 75 91 50 88 33 42 40 79 36 48 98 7 37 83 18 76 68 93 89 66 1 22 32 82 49 
TEST 10 ARG:9 89 2 68 84 63 60 15 35 91 13 22 95 29 24 53 86 36 75 8 69 30 44 93 71 0 33 58 31 21 98 42 79 26 10 45 66 48 18 3 73 39 28 37 99 74 87 90 19 72 78 50 80 32 17 43 25 7 94 62 76 14 88 6 57 5 38 85 41 16 56 64 4 54 70 65 81 34 47 46 27 20 40 82 77 51 12 92 1 55 59 52 61 83 97 23 49 96 67 11 
TEST 10 ARG:9 89 2 68 84 63 60 15 35 91 13 22 95 29 24 53 86 36 75 8 69 30 44 93 71 0 33 58 31 21 98 42 79 26 10 45 66 48 18 3 73 39 28 37 99 74 87 90 19 72 78 50 80 32 17 43 25 7 94 62 76 14 88 6 57 5 38 85 41 16 56 64 4 54 70 65 81 34 47 46 27 20 40 82 77 51 12 92 1 55 59 52 61 83 97 23 49 96 67 11 
TEST 11 ARG:99 16 62 72 57 90 59 84 92 53 77 78 37 0 41 76 38 56 27 48 87 81 64 23 91 74 5 25 43 58 88 97 44 22 46 33 79 75 15 12 9 32 3 95 14 29 60 31 17 21 47 18 49 61 94 63 13 93 39 8 96 34 71 42 85 69 26 51 6 1 54 82 10 50 20 7 89 36 40 19 98 70 45 2 67 28 73 65 4 52 80 68 86 30 66 11 83 24 35 55 
TEST 11 ARG:99 16 62 72 57 90 59 84 92 53 77 78 37 0 41 76 38 56 27 48 87 81 64 23 91 74 5 25 43 58 88 97 44 22 46 33 79 75 15 12 9 32 3 95 14 29 60 31 17 21 47 18 49 61 94 63 13 93 39 8 96 34 71 42 85 69 26 51 6 1 54 82 10 50 20 7 89 36 40 19 98 70 45 2 67 28 73 65 4 52 80 68 86 30 66 11 83 24 35 55 
TEST 12 ARG:95 35 55 38 86 51 33 77 31 90 11 48 75 14 37 41 4 42 67 5 6 28 71 7 21 59 54 29 8 87 36 23 18 3 12 15 40 64 79 27 10 84 80 13 76 1 78 72 53 46 32 81 16 62 45 43 91 34 60 9 22 24 66 68 70 25 85 65 83 74 50 20 94 47 52 30 58 61 99 88 19 0 57 98 97 96 73 26 69 39 17 56 49 2 82 44 93 89 92 63 
TEST 12 ARG:95 35 55 38 86 51 33 77 31 90 11 48 75 14 37 41 4 42 67 5 6 28 71 7 21 59 54 29 8 87 36 23 18 3 12 15 40 64 79 27 10 84 80 13 76 1 78 72 53 46 32 81 16 62 45 43 91 34 60 9 22 24 66 68 70 25 85 65 83 74 50 20 94 47 52 30 58 61 99 88 19 0 57 98 97 96 73 26 69 39 17 56 49 2 82 44 93 89 92 63 
TEST 13 ARG:95 6 90 7 67 18 56 80 57 13 97 12 8 3 91 58 42 16 74 99 75 87 93 78 37 65 39 83 60 70 28 62 77 69 40 19 73 29 0 11 27 23 2 31 15 50 89 98 17 82 36 38 81 33 64 71 1 48 26 14 52 44 96 43 22 9 20 76 66 21 72 94 55 47 54 84 85 63 53 5 4 32 35 86 10 51 59 79 24 61 41 34 30 92 68 45 88 25 46 49 
TEST 13 ARG:95 6 90 7 67 18 56 80 57 13 97 12 8 3 91 58 42 16 74 99 75 87 93 78 37 65 39 83 60 70 28 62 77 69 40 19 73 29 0 11 27 23 2 31 15 50 89 98 17 82 36 38 81 33 64 71 1 48 26 14 52 44 96 43 22 9 20 76 66 21 72 94 55 47 54 84 85 63 53 5 4 32 35 86 10 51 59 79 24 61 41 34 30 92 68 45 88 25 46 49 
TEST 14 ARG:79 22 65 61 56 42 8 4 64 9 48 6 98 77 81 99 26 75 39 7 31 87 47 78 66 18 82 23 5 21 35 72 69 83 60 10 13 63 34 93 68 57 24 32 28 52 54 37 53 58 50 71 92 90 45 27 20 94 1 11 46 17 29 85 89 76 12 44 36 55 86 84 73 15 80 0 88 95 49 2 96 43 14 19 51 33 62 91 59 16 30 70 97 3 74 41 67 38 25 40 
TEST 14 ARG:79 22 65 61 56 42 8 4 64 9 48 6 98 77 81 99 26 75 39 7 31 87 47 78 66 18 82 23 5 21 35 72 69 83 60 10 13 63 34 93 68 57 24 32 28 52 54 37 53 58 50 71 92 90 45 27 20 94 1 11 46 17 29 85 89 76 12 44 36 55 86 84 73 15 80 0 88 95 49 2 96 43 14 19 51 33 62 91 59 16 30 70 97 3 74 41 67 38 25 40 
TEST 15 ARG:75 60 68 36 58 38 28 73 42 14 4 32 77 61 29 65 35 24 64 33 74 46 12 53 89 84 23 5 72 96 70 57 71 39 22 16 99 6 95 80 59 52 82 55 97 90 1 8 19 31 44 47 45 66 9 17 62 30 21 56 83 41 76 20 40 87 67 7 85 34 26 69 63 25 27 79 3 91 15 50 18 0 93 51 92 10 2 78 49 11 54 13 88 48 94 86 43 98 37 81 
TEST 15 ARG:75 60 68 36 58 38 28 73 42 14 4 32 77 61 29 65 35 24 64 33 74 46 12 53 89 84 23 5 72 96 70 57 71 39 22 16 99 6 95 80 59 52 82 55 97 90 1 8 19 31 44 47 45 66 9 17 62 30 21 56 83 41 76 20 40 87 67 7 85 34 26 69 63 25 27 79 3 91 15 50 18 0 93 51 92 10 2 78 49 11 54 13 88 48 94 86 43 98 37 81 
TEST 16 ARG:33 70 27 97 47 93 54 67 81 61 50 6 86 59 88 8 10 45 94 22 11 9 37 73 84 3 16 72 83 19 55 21 42 87 38 90 31 58 68 48 77 85 44 78 32 4 71 1 26 29 7 79 92 40 91 80 65 76 23 51 74 96 24 34 36 95 25 20 66 28 63 98 64 17 69 99 39 0 18 89 57 62 30 41 46 75 13 56 43 52 12 15 14 35 53 82 5 2 60 49 
TEST 16 ARG:33 70 27 97 47 93 54 67 81 61 50 6 86 59 88 8 10 45 94 22 11 9 37 73 84 3 16 72 83 19 55 21 42 87 38 90 31 58 68 48 77 85 44 78 32 4 71 1 26 29 7 79 92 40 91 80 65 76 23 51 74 96 24 34 36 95 25 20 66 28 63 98 64 17 69 99 39 0 18 89 57 62 30 41 46 75 13 56 43 52 12 15 14 35 53 82 5 2 60 49 
TEST 17 ARG:25 57 40 28 95 87 29 0 66 91 17 69 42 78 61 51 32 7 65 74 39 23 27 77 35 18 98 43 86 12 34 84 54 36 80 64 71 45 31 38 67 33 19 46 37 24 99 59 96 14 92 16 62 72 76 89 50 52 13 30 81 21 5 15 85 60 26 79 53 4 90 6 83 8 75 47 70 49 22 10 88 44 20 3 97 93 94 11 82 68 56 55 63 2 48 9 41 1 73 58 
TEST 17 ARG:25 57 40 28 95 87 29 0 66 91 17 69 42 78 61 51 32 7 65 74 39 23 27 77 35 18 98 43 86 12 34 84 54 36 80 64 71 45 31 38 67 33 19 46 37 24 99 59 96 14 92 16 62 72 76 89 50 52 13 30 81 21 5 15 85 60 26 79 53 4 90 6 83 8 75 47 70 49 22 10 88 44 20 3 97 93 94 11 82 68 56 55 63 2 48 9 41 1 73 58 
TEST 18 ARG:48 66 4 42 51 52 38 21 61 72 46 99 0 83 58 24 22 65 34 18 85 94 27 81 11 70 14 39 67 56 50 3 59 35 40 62 47 98 57 97 77 36 37 9 78 79 91 84 32 13 15 96 88 68 60 7 53 76 71 69 74 73 49 17 92 87 28 30 25 6 8 95 41 75 12 63 55 45 44 31 1 23 26 33 64 82 20 10 29 86 80 90 16 2 5 54 89 43 93 19 
TEST 18 ARG:48 66 4 42 51 52 38 21 61 72 46 99 0 83 58 24 22 65 34 18 85 94 27 81 11 70 14 39 67 56 50 3 59 35 40 62 47 98 57 97 77 36 37 9 78 79 91 84 32 13 15 96 88 68 60 7 53 76 71 69 74 73 49 17 92 87 28 30 25 6 8 95 41 75 12 63 55 45 44 31 1 23 26 33 64 82 20 10 29 86 80 90 16 2 5 54 89 43 93 19 
TEST 19 ARG:24 36 88 11 41 19 61 96 21 84 71 65 29 94 70 34 72 63 38 39 5 73 77 98 62 15 25 2 3 28 67 92 47 43 37 35 53 46 23 87 22 56 20 57 13 44 48 66 85 52 9 16 10 17 69 6 50 7 78 81 8 51 64 60 58 42 99 27 90 95 79 89 45 97 14 12 74 91 4 49 82 68 32 59 86 30 18 33 31 80 54 0 75 40 83 26 93 76 1 55 
TEST 19 ARG:24 36 88 11 41 19 61 96 21 84 71 65 29 94 70 34 72 63 38 39 5 73 77 98 62 15 25 2 3 28 67 92 47 43 37 35 53 46 23 87 22 56 20 57 13 44 48 66 85 52 9 16 10 17 69 6 50 7 78 81 8 51 64 60 58 42 99 27 90 95 79 89 45 97 14 12 74 91 4 49 82 68 32 59 86 30 18 33 31 80 54 0 75 40 83 26 93 76 1 55 
TEST 20 ARG:90 68 82 31 18 40 21 16 54 89 81 57 26 88 56 32 93 48 27 51 46 30 99 79 12 11 23 24 75 69 62 25 29 70 2 94 36 28 97 49 71 78 91 4 13 60 6 47 58 74 7 43 95 0 39 80 52 83 76 73 9 1 10 33 84 17 96 98 8 37 15 86 92 59 19 45 87 55 22 20 34 64 53 42 77 5 38 3 72 66 35 65 41 61 85 14 50 67 44 63 
TEST 20 ARG:90 68 82 31 18 40 21 16 54 89 81 57 26 88 56 32 93 48 27 51 46 30 99 79 12 11 23 24 75 69 62 25 29 70 2 94 36 28 97 49 71 78 91 4 13 60 6 47 58 74 7 43 95 0 39 80 52 83 76 73 9 1 10 33 84 17 96 98 8 37 15 86 92 59 19 45 87 55 22 20 34 64 53 42 77 5 38 3 72 66 35 65 41 61 85 14 50 67 44 63 
TEST 21 ARG:53 8 2 5 58 66 44 11 78 10 54 86 29 7 33 4 27 65 81 87 83 60 61 36 38 35 21 13 79 69 55 71 34 49 67 62 47 22 95 41 24 43 51 59 80 6 57 63 25 9 19 97 92 23 16 77 68 15 99 90 88 89 50 0 96 45 42 26 12 18 20 98 46 40 30 82 94 31 75 17 76 48 52 14 84 70 64 56 73 91 93 72 37 32 3 74 39 28 85 1 
TEST 21 ARG:53 8 2 5 58 66 44 11 78 10 54 86 29 7 33 4 27 65 81 87 83 60 61 36 38 35 21 13 79 69 55 71 34 49 67 62 47 22 95 41 24 43 51 59 80 6 57 63 25 9 19 97 92 23 16 77 68 15 99 90 88 89 50 0 96 45 42 26 12 18 20 98 46 40 30 82 94 31 75 17 76 48 52 14 84 70 64 56 73 91 93 72 37 32 3 74 39 28 85 1 
TEST 22 ARG:88 30 95 52 24 15 50 74 81 38 75 65 84 89 39 13 77 93 5 1 99 85 25 19 9 51 68 63 47 92 60 78 83 64 96 70 49 59 32 72 69 42 48 61 94 4 66 28 16 90 62 58 27 0 41 79 57 45 40 76 12 56 97 55 33 7 44 2 36 3 91 98 18 35 29 20 22 10 31 11 21 6 34 43 8 46 54 14 67 82 73 26 53 23 71 37 80 86 17 87 
TEST 22 ARG:88 30 95 52 24 15 50 74 81 38 75 65 84 89 39 13 77 93 5 1 99 85 25 19 9 51 68 63 47 92 60 78 83 64 96 70 49 59 32 72 69 42 48 61 94 4 66 28 16 90 62 58 27 0 41 79 57 45 40 76 12 56 97 55 33 7 44 2 36 3 91 98 18 35 29 20 22 10 31 11 21 6 34 43 8 46 54 14 67 82 73 26 53 23 71 37 80 86 17 87 
TEST 23 ARG:24 94 4 48 35 83 27 46 10 51 47 65 80 13 54 41 15 2 49 11 44 56 97 99 33 29 61 53 58 19 28 21 79 86 93 8 37 72 67 70 25 36 90 60 18 69 59 39 9 20 3 89 87 30 76 26 34 31 96 84 81 50 6 66 62 57 12 77 78 92 1 68 32 43 38 75 82 63 98 55 40 88 74 64 17 16 52 5 73 7 0 85 42 91 23 71 14 45 22 95 
TEST 23 ARG:24 94 4 48 35 83 27 46 10 51 47 65 80 13 54 41 15 2 49 11 44 56 97 99 33 29 61 53 58 19 28 21 79 86 93 8 37 72 67 70 25 36 90 60 18 69 59 39 9 20 3 89 87 30 76 26 34 31 96 84 81 50 6 66 62 57 12 77 78 92 1 68 32 43 38 75 82 63 98 55 40 88 74 64 17 16 52 5 73 7 0 85 42 91 23 71 14 45 22 95 
TEST 24 ARG:43 30 75 2 45 12 38 13 0 91 8 56 11 77 96 93 79 63 57 74 27 72 83 84 73 64 65 6 47 18 10 88 82 20 68 86 41 78 90 80 33 59 46 70 23 97 61 50 69 16 5 89 32 36 71 44 92 35 98 85 1 55 40 48 15 53 28 24 76 26 87 31 7 3 21 52 60 94 29 17 54 81 99 67 62 25 39 42 22 37 95 34 9 14 4 49 58 66 51 19 
TEST 24 ARG:43 30 75 2 45 12 38 13 0 91 8 56 11 77 96 93 79 63 57 74 27 72 83 84 73 64 65 6 47 18 10 88 82 20 68 86 41 78 90 80 33 59 46 70 23 97 61 50 69 16 5 89 32 36 71 44 92 35 98 85 1 55 40 48 15 53 28 24 76 26 87 31 7 3 21 52 60 94 29 17 54 81 99 67 62 25 39 42 22 37 95 34 9 14 4 49 58 66 51 19 
TEST 25 ARG:60 90 71 84 49 81 21 58 85 45 32 50 42 55 89 5 68 75 69 47 18 7 25 66 86 64 73 46 98 65 12 9 24 13 29 26 83 99 27 35 2 3 34 77 36 0 31 8 20 15 37 11 33 87 38 57 94 63 56 67 76 19 97 23 6 79 28 48 91 88 52 82 93 44 30 22 39 41 61 43 1 53 70 92 78 51 40 95 59 80 16 10 54 96 17 74 72 62 14 4 
TEST 25 ARG:60 90 71 84 49 81 21 58 85 45 32 50 42 55 89 5 68 75 69 47 18 7 25 66 86 64 73 46 98 65 12 9 24 13 29 26 83 99 27 35 2 3 34 77 36 0 31 8 20 15 37 11 33 87 38 57 94 63 56 67 76 19 97 23 6 79 28 48 91 88 52 82 93 44 30 22 39 41 61 43 1 53 70 92 78 51 40 95 59 80 16 10 54 96 17 74 72 62 14 4 
TEST 26 ARG:53 81 83 94 88 22 28 96 25 31 16 61 40 58 20 71 48 45 21 70 43 51 12 97 75 66 37 84 89 93 78 52 63 24 7 19 34 95 92 2 18 55 6 73 38 90 72 77 91 13 5 36 14 29 35 32 54 67 15 62 17 39 41 60 0 26 80 11 23 69 30 85 27 46 74 3 10 76 68 57 1 42 59 64 82 98 99 79 50 87 33 44 47 65 9 56 49 4 86 8 
TEST 26 ARG:53 81 83 94 88 22 28 96 25 31 16 61 40 58 20 71 48 45 21 70 43 51 12 97 75 66 37 84 89 93 78 52 63 24 7 19 34 95 92 2 18 55 6 73 38 90 72 77 91 13 5 36 14 29 35 32 54 67 15 62 17 39 41 60 0 26 80 11 23 69 30 85 27 46 74 3 10 76 68 57 1 42 59 64 82 98 99 79 50 87 33 44 47 65 9 56 49 4 86 8 
TEST 27 ARG:27 84 54 25 64 47 56 34 1 55 90 77 30 79 99 26 36 94 2 95 52 48 93 40 44 62 8 83 78 20 11 9 18 74 13 15 10 6 21 86 59 58 37 12 24 22 57 39 69 91 53 35 19 3 71 67 92 46 89 66 4 45 85 60 98 76 63 88 61 82 17 23 32 0 51 72 73 7 81 42 96 50 97 33 41 43 29 38 16 65 68 14 28 75 49 31 87 80 70 5 
TEST 27 ARG:27 84 54 25 64 47 56 34 1 55 90 77 30 79 99 26 36 94 2 95 52 48 93 40 44 62 8 83 78 20 11 9 18 74 13 15 10 6 21 86 59 58 37 12 24 22 57 39 69 91 53 35 19 3 71 67 92 46 89 66 4 45 85 60 98 76 63 88 61 82 17 23 32 0 51 72 73 7 81 42 96 50 97 33 41 43 29 38 16 65 68 14 28 75 49 31 87 80 70 5 
TEST 28 ARG:21 7 42 0 10 44 82 18 3 46 62 33 40 86 5 56 41 20 32 28 73 84 22 34 50 76 95 37 1 64 97 75 15 58 30 48 53 13 87 92 49 47 74 14 57 23 39 38 55 70 77 98 16 35 67 99 65 9 29 68 91 54 85 4 31 43 69 89 88 6 79 61 94 45 90 60 12 36 26 2 59 96 8 17 93 24 27 72 25 51 80 52 11 83 71 66 81 19 63 78 
TEST 28 ARG:21 7 42 0 10 44 82 18 3 46 62 33 40 86 5 56 41 20 32 28 73 84 22 34 50 76 95 37 1 64 97 75 15 58 30 48 53 13 87 92 49 47 74 14 57 23 39 38 55 70 77 98 16 35 67 99 65 9 29 68 91 54 85 4 31 43 69 89 88 6 79 61 94 45 90 60 12 36 26 2 59 96 8 17 93 24 27 72 25 51 80 52 11 83 71 66 81 19 63 78 
TEST 29 ARG:45 96 15 58 39 37 8 18 29 9 7 87 67 33 88 21 95 73 77 84 0 50 2 91 48 90 17 61 42 60 13 19 75 31 22 55 14 98 93 46 59 43 99 70 71 62 80 94 92 5 69 56 25 57 38 68 89 49 36 35 51 86 53 83 40 27 10 47 16 23 30 76 41 34 26 12 85 32 66 20 74 6 64 82 4 3 78 28 11 63 44 65 24 97 1 72 54 79 81 52 
TEST 29 ARG:45 96 15 58 39 37 8 18 29 9 7 87 67 33 88 21 95 73 77 84 0 50 2 91 48 90 17 61 42 60 13 19 75 31 22 55 14 98 93 46 59 43 99 70 71 62 80 94 92 5 69 56 25 57 38 68 89 49 36 35 51 86 53 83 40 27 10 47 16 23 30 76 41 34 26 12 85 32 66 20 74 6 64 82 4 3 78 28 11 63 44 65 24 97 1 72 54 79 81 52 
TEST 30 ARG:73 42 22 55 7 92 97 65 6 21 96 85 2 89 33 31 88 25 56 13 16 62 58 47 51 27 23 1 86 67 40 57 17 46 48 69 99 8 32 64 9 26 15 37 41 98 63 61 20 30 50 29 28 90 68 39 75 14 79 34 24 38 53 4 10 71 54 3 72 78 82 70 83 12 59 5 43 0 11 45 52 49 94 36 44 74 18 76 95 66 35 84 19 60 77 80 91 87 81 93 
TEST 30 ARG:73 42 22 55 7 92 97 65 6 21 96 85 2 89 33 31 88 25 56 13 16 62 58 47 51 27 23 1 86 67 40 57 17 46 48 69 99 8 32 64 9 26 15 37 41 98 63 61 20 30 50 29 28 90 68 39 75 14 79 34 24 38 53 4 10 71 54 3 72 78 82 70 83 12 59 5 43 0 11 45 52 49 94 36 44 74 18 76 95 66 35 84 19 60 77 80 91 87 81 93 
TEST 31 ARG:42 29 10 84 19 91 60 90 20 39 70 15 50 59 38 52 74 58 9 6 54 26 17 51 80 44 72 8 62 87 28 63 25 81 88 86 98 83 53 34 12 78 66 46 76 21 43 73 7 85 71 18 67 45 48 22 94 97 65 75 89 3 69 35 40 5 64 96 0 4 61 37 2 95 68 82 13 27 49 57 31 93 30 23 56 11 14 1 24 77 32 33 16 41 47 79 92 55 36 99 
TEST 31 ARG:42 29 10 84 19 91 60 90 20 39 70 15 50 59 38 52 74 58 9 6 54 26 17 51 80 44 72 8 62 87 28 63 25 81 88 86 98 83 53 34 12 78 66 46 76 21 43 73 7 85 71 18 67 45 48 22 94 97 65 75 89 3 69 35 40 5 64 96 0 4 61 37 2 95 68 82 13 27 49 57 31 93 30 23 56 11 14 1 24 77 32 33 16 41 47 79 92 55 36 99 
TEST 32 ARG:30 63 38 96 16 69 15 47 51 18 90 77 23 29 78 27 34 4 31 83 36 71 3 79 61 19 59 17 1 74 9 6 55 44 2 5 10 25 20 82 22 91 7 53 24 85 42 21 86 75 95 84 49 57 94 87 88 73 12 14 37 89 39 81 92 32 33 56 97 52 54 35 40 13 46 65 64 60 45 11 62 0 28 67 99 41 66 58 43 50 26 48 80 98 76 70 8 68 93 72 
TEST 32 ARG:30 63 38 96 16 69 15 47 51 18 90 77 23 29 78 27 34 4 31 83 36 71 3 79 61 19 59 17 1 74 9 6 55 44 2 5 10 25 20 82 22 91 7 53 24 85 42 21 86 75 95 84 49 57 94 87 88 73 12 14 37 89 39 81 92 32 33 56 97 52 54 35 40 13 46 65 64 60 45 11 62 0 28 67 99 41 66 58 43 50 26 48 80 98 76 70 8 68 93 72 
TEST 33 ARG:47 58 97 27 90 1 71 86 83 2 51 67 36 94 29 15 96 38 46 3 87 88 25 82 44 39 0 66 59 54 49 20 63 70 99 31 34 91 52 65 98 56 78 48 45 11 95 12 26 68 55 14 57 28 37 75 41 93 73 24 64 21 53 22 35 85 32 77 4 40 10 42 43 84 92 80 69 7 13 8 60 72 9 6 5 74 61 79 17 23 89 62 19 18 76 30 81 16 33 50 
TEST 33 ARG:47 58 97 27 90 1 71 86 83 2 51 67 36 94 29 15 96 38 46 3 87 88 25 82 44 39 0 66 59 54 49 20 63 70 99 31 34 91 52 65 98 56 78 48 45 11 95 12 26 68 55 14 57 28 37 75 41 93 73 24 64 21 53 22 35 85 32 77 4 40 10 42 43 84 92 80 69 7 13 8 60 72 9 6 5 74 61 79 17 23 89 62 19 18 76 30 81 16 33 50 
TEST 34 ARG:27 2 24 38 92 67 63 46 6 9 45 19 15 31 11 56 81 79 42 70 86 23 76 13 84 28 73 99 85 17 26 65 62 40 93 36 88 96 30 22 52 83 74 39 47 71 41 21 94 10 97 57 43 33 14 44 66 50 12 37 82 4 35 20 77 60 5 8 7 3 72 75 95 87 89 69 61 32 51 98 49 58 0 90 59 34 1 91 55 68 54 29 25 18 48 16 53 64 80 78 
TEST 34 ARG:27 2 24 38 92 67 63 46 6 9 45 19 15 31 11 56 81 79 42 70 86 23 76 13 84 28 73 99 85 17 26 65 62 40 93 36 88 96 30 22 52 83 74 39 47 71 41 21 94 10 97 57 43 33 14 44 66 50 12 37 82 4 35 20 77 60 5 8 7 3 72 75 95 87 89 69 61 32 51 98 49 58 0 90 59 34 1 91 55 68 54 29 25 18 48 16 53 64 80 78 
TEST 35 ARG:12 7 27 49 36 29 68 18 41 24 46 74 78 21 33 17 19 96 98 8 10 16 61 28 83 23 72 22 91 4 0 47 59 6 5 65 69 56 35 52 43 55 31 60 50 76 67 87 62 94 42 58 30 44 45 25 14 32 92 11 13 82 99 90 53 77 70 57 39 20 84 38 89 73 75 66 71 15 97 37 85 93 34 86 81 80 79 40 2 26 51 64 1 3 95 63 54 48 88 9 
TEST 35 ARG:12 7 27 49 36 29 68 18 41 24 46 74 78 21 33 17 19 96 98 8 10 16 61 28 83 23 72 22 91 4 0 47 59 6 5 65 69 56 35 52 43 55 31 60 50 76 67 87 62 94 42 58 30 44 45 25 14 32 92 11 13 82 99 90 53 77 70 57 39 20 84 38 89 73 75 66 71 15 97 37 85 93 34 86 81 80 79 40 2 26 51 64 1 3 95 63 54 48 88 9 
TEST 36 ARG:62 1 92 44 34 60 47 11 6 12 94 91 79 16 67 78 52 63 89 39 90 26 7 8 95 17 33 2 77 41 98 25 86 27 49 4 84 59 70 74 14 99 87 64 80 10 54 28 24 23 72 51 9 36 37 66 69 85 43 21 38 32 35 55 42 19 75 40 45 22 31 76 15 68 18 53 93 57 82 81 58 48 71 96 29 5 65 0 13 30 50 20 97 56 61 73 88 83 46 3 
TEST 36 ARG:62 1 92 44 34 60 47 11 6 12 94 91 79 16 67 78 52 63 89 39 90 26 7 8 95 17 33 2 77 41 98 25 86 27 49 4 84 59 70 74 14 99 87 64 80 10 54 28 24 23 72 51 9 36 37 66 69 85 43 21 38 32 35 55 42 19 75 40 45 22 31 76 15 68 18 53 93 57 82 81 58 48 71 96 29 5 65 0 13 30 50 20 97 56 61 73 88 83 46 3 
TEST 37 ARG:8 86 43 31 15 41 89 62 24 11 0 79 57 45 12 14 72 93 3 34 61 85 17 91 84 65 94 99 16 38 32 87 33 75 71 10 20 4 13 56 27 66 28 53 48 67 80 37 50 55 39 60 59 6 35 44 95 36 54 42 7 98 70 64 49 97 23 77 68 2 78 52 82 40 25 1 69 5 19 30 9 26 83 51 46 92 74 21 63 81 18 96 58 73 76 29 22 88 47 90 
TEST 37 ARG:8 86 43 31 15 41 89 62 24 11 0 79 57 45 12 14 72 93 3 34 61 85 17 91 84 65 94 99 16 38 32 87 33 75 71 10 20 4 13 56 27 66 28 53 48 67 80 37 50 55 39 60 59 6 35 44 95 36 54 42 7 98 70 64 49 97 23 77 68 2 78 52 82 40 25 1 69 5 19 30 9 26 83 51 46 92 74 21 63 81 18 96 58 73 76 29 22 88 47 90 
TEST 38 ARG:57 78 16 20 65 58 24 33 32 96 80 83 88 6 43 61 9 74 36 56 70 81 95 66 47 5 46 30 82 38 90 53 84 77 85 39 44 22 3 68 69 91 63 19 23 45 17 42 86 55 75 34 97 37 26 40 7 15 71 54 25 0 50 12 76 13 72 79 92 87 52 94 67 64 98 11 51 27 4 28 2 14 35 41 60 93 29 18 99 89 31 10 59 21 8 49 1 73 62 48 
TEST 38 ARG:57 78 16 20 65 58 24 33 32 96 80 83 88 6 43 61 9 74 36 56 70 81 95 66 47 5 46 30 82 38 90 53 84 77 85 39 44 22 3 68 69 91 63 19 23 45 17 42 86 55 75 34 97 37 26 40 7 15 71 54 25 0 50 12 76 13 72 79 92 87 52 94 67 64 98 11 51 27 4 28 2 14 35 41 60 93 29 18 99 89 31 10 59 21 8 49 1 73 62 48 
TEST 39 ARG:12 7 23 27 64 48 0 78 52 56 37 90 17 9 33 15 19 14 25 89 94 55 43 11 21 70 38 88 59 72 69 13 65 79 68 50 10 47 81 18 35 95 39 30 67 71 93 5 34 46 98 2 99 44 80 31 16 20 82 45 61 4 1 85 3 87 26 92 66 36 51 49 77 97 62 41 22 8 74 57 29 96 86 24 73 28 6 54 58 75 63 84 83 40 32 53 42 91 60 76 
TEST 39 ARG:12 7 23 27 64 48 0 78 52 56 37 90 17 9 33 15 19 14 25 89 94 55 43 11 21 70 38 88 59 72 69 13 65 79 68 50 10 47 81 18 35 95 39 30 67 71 93 5 34 46 98 2 99 44 80 31 16 20 82 45 61 4 1 85 3 87 26 92 66 36 51 49 77 97 62 41 22 8 74 57 29 96 86 24 73 28 6 54 58 75 63 84 83 40 32 53 42 91 60 76 
TEST 40 ARG:3 43 23 21 71 49 9 74 6 52 38 60 17 98 15 2 18 53 20 72 80 50 66 24 87 61 86 25 82 26 88 37 54 39 68 40 48 93 69 90 78 10 45 7 33 47 35 76 95 46 83 99 42 57 79 92 29 81 91 67 94 32 5 65 14 63 56 77 8 13 28 64 22 73 44 96 27 55 11 75 58 51 97 70 84 89 59 31 36 41 30 16 0 62 85 34 1 4 19 12 
TEST 40 ARG:3 43 23 21 71 49 9 74 6 52 38 60 17 98 15 2 18 53 20 72 80 50 66 24 87 61 86 25 82 26 88 37 54 39 68 40 48 93 69 90 78 10 45 7 33 47 35 76 95 46 83 99 42 57 79 92 29 81 91 67 94 32 5 65 14 63 56 77 8 13 28 64 22 73 44 96 27 55 11 75 58 51 97 70 84 89 59 31 36 41 30 16 0 62 85 34 1 4 19 12 
TEST 41 ARG:60 58 48 27 80 2 46 99 7 63 42 53 96 31 9 26 67 3 10 68 73 35 56 19 4 71 39 97 33 22 52 79 87 43 25 61 65 76 57 36 62 64 11 49 98 74 17 18 94 77 69 1 88 44 89 82 54 84 21 70 45 30 16 91 20 8 38 83 75 32 93 66 28 0 50 14 59 41 34 92 81 51 40 37 78 72 29 55 24 6 95 15 47 5 86 23 13 85 90 12 
TEST 41 ARG:60 58 48 27 80 2 46 99 7 63 42 53 96 31 9 26 67 3 10 68 73 35 56 19 4 71 39 97 33 22 52 79 87 43 25 61 65 76 57 36 62 64 11 49 98 74 17 18 94 77 69 1 88 44 89 82 54 84 21 70 45 30 16 91 20 8 38 83 75 32 93 66 28 0 50 14 59 41 34 92 81 51 40 37 78 72 29 55 24 6 95 15 47 5 86 23 13 85 90 12 
TEST 42 ARG:9 2 26 13 80 94 83 20 1 40 42 0 4 8 11 47 79 48 24 10 71 52 97 49 73 60 30 29 7 68 81 14 43 38 46 53 12 85 65 25 87 31 64 19 86 32 74 50 5 56 63 92 93 69 54 22 55 59 16 99 70 84 45 78 15 62 37 35 95 89 41 23 6 34 33 44 36 3 77 28 17 27 88 72 58 96 66 90 61 21 51 98 91 57 75 82 76 39 67 18 
TEST 42 ARG:9 2 26 13 80 94 83 20 1 40 42 0 4 8 11 47 79 48 24 10 71 52 97 49 73 60 30 29 7 68 81 14 43 38 46 53 12 85 65 25 87 31 64 19 86 32 74 50 5 56 63 92 93 69 54 22 55 59 16 99 70 84 45 78 15 62 37 35 95 89 41 23 6 34 33 44 36 3 77 28 17 27 88 72 58 96 66 90 61 21 51 98 91 57 75 82 76 39 67 18 
TEST 43 ARG:68 56 29 96 60 17 47 8 50 21 62 39 93 64 32 99 28 79 72 86 11 12 66 6 55 25 57 90 37 91 67 20 43 53 30 71 52 40 19 73 16 74 49 41 94 4 92 10 2 44 45 89 18 24 7 77 42 82 69 15 76 61 85 0 35 84 26 63 87 14 38 46 97 36 78 27 59 23 51 80 1 5 9 3 22 88 58 54 65 70 33 95 81 48 83 34 75 13 98 31 
TEST 43 ARG:68 56 29 96 60 17 47 8 50 21 62 39 93 64 32 99 28 79 72 86 11 12 66 6 55 25 57 90 37 91 67 20 43 53 30 71 52 40 19 73 16 74 49 41 94 4 92 10 2 44 45 89 18 24 7 77 42 82 69 15 76 61 85 0 35 84 26 63 87 14 38 46 97 36 78 27 59 23 51 80 1 5 9 3 22 88 58 54 65 70 33 95 81 48 83 34 75 13 98 31 
TEST 44 ARG:48 63 32 6 64 2 23 43 14 87 29 5 37 61 7 86 18 98 89 44 31 66 35 88 68 22 76 0 78 93 39 28 70 97 92 3 95 84 81 1 27 59 77 49 74 8 26 83 85 9 10 51 62 47 17 45 11 67 96 40 20 75 58 36 46 82 56 99 15 19 16 50 57 53 42 72 73 94 52 41 34 79 12 54 30 60 71 90 33 24 21 4 55 69 13 38 25 65 80 91 
TEST 44 ARG:48 63 32 6 64 2 23 43 14 87 29 5 37 61 7 86 18 98 89 44 31 66 35 88 68 22 76 0 78 93 39 28 70 97 92 3 95 84 81 1 27 59 77 49 74 8 26 83 85 9 10 51 62 47 17 45 11 67 96 40 20 75 58 36 46 82 56 99 15 19 16 50 57 53 42 72 73 94 52 41 34 79 12 54 30 60 71 90 33 24 21 4 55 69 13 38 25 65 80 91 
TEST 45 ARG:40 24 4 75 76 82 19 66 72 56 99 73 31 51 35 32 96 46 97 80 60 91 79 87 43 95 42 23 88 83 54 41 10 48 58 1 62 93 68 9 69 70 81 94 71 86 47 64 33 37 98 0 22 39 61 25 17 53 34 57 16 12 15 78 20 55 8 28 50 3 30 11 2 5 65 59 36 85 6 45 21 13 67 90 84 52 92 29 89 38 26 77 18 74 14 44 63 7 49 27 
TEST 45 ARG:40 24 4 75 76 82 19 66 72 56 99 73 31 51 35 32 96 46 97 80 60 91 79 87 43 95 42 23 88 83 54 41 10 48 58 1 62 93 68 9 69 70 81 94 71 86 47 64 33 37 98 0 22 39 61 25 17 53 34 57 16 12 15 78 20 55 8 28 50 3 30 11 2 5 65 59 36 85 6 45 21 13 67 90 84 52 92 29 89 38 26 77 18 74 14 44 63 7 49 27 
TEST 46 ARG:61 72 80 29 81 53 23 6 16 43 3 44 74 57 28 35 36 65 64 79 9 56 7 88 49 96 95 76 60 30 48 51 12 91 70 58 83 41 68 97 4 40 45 25 22 69 86 75 27 62 94 38 11 67 99 19 14 55 24 2 13 0 78 10 8 1 59 20 31 93 46 5 52 73 34 89 42 15 26 66 87 37 47 92 85 33 18 54 71 98 90 84 50 39 82 21 32 63 17 77 
TEST 46 ARG:61 72 80 29 81 53 23 6 16 43 3 44 74 57 28 35 36 65 64 79 9 56 7 88 49 96 95 76 60 30 48 51 12 91 70 58 83 41 68 97 4 40 45 25 22 69 86 75 27 62 94 38 11 67 99 19 14 55 24 2 13 0 78 10 8 1 59 20 31 93 46 5 52 73 34 89 42 15 26 66 87 37 47 92 85 33 18 54 71 98 90 84 50 39 82 21 32 63 17 77 
TEST 47 ARG:33 99 41 55 81 8 40 20 4 98 46 25 78 26 29 32 93 1 74 96 54 5 45 12 11 37 67 35 18 24 14 22 64 87 39 16 73 94 70 51 53 28 63 90 68 60 9 34 59 49 80 47 21 75 13 15 66 19 97 83 61 10 50 48 57 2 62 56 30 65 36 86 89 38 85 7 76 31 69 84 17 52 71 91 77 27 0 42 6 95 43 72 79 58 82 44 23 3 92 88 
TEST 47 ARG:33 99 41 55 81 8 40 20 4 98 46 25 78 26 29 32 93 1 74 96 54 5 45 12 11 37 67 35 18 24 14 22 64 87 39 16 73 94 70 51 53 28 63 90 68 60 9 34 59 49 80 47 21 75 13 15 66 19 97 83 61 10 50 48 57 2 62 56 30 65 36 86 89 38 85 7 76 31 69 84 17 52 71 91 77 27 0 42 6 95 43 72 79 58 82 44 23 3 92 88 
TEST 48 ARG:97 96 11 59 74 71 10 82 55 35 40 46 4 25 14 90 86 18 33 62 99 61 65 50 15 38 80 81 63 87 6 68 72 2 12 48 20 21 83 34 95 75 30 16 67 76 85 69 36 9 84 1 41 53 5 13 51 26 19 39 56 24 42 44 31 0 23 54 3 77 8 49 27 89 92 17 79 88 60 43 98 32 37 47 94 45 28 91 52 64 78 57 22 58 66 7 70 73 29 93 
TEST 48 ARG:97 96 11 59 74 71 10 82 55 35 40 46 4 25 14 90 86 18 33 62 99 61 65 50 15 38 80 81 63 87 6 68 72 2 12 48 20 21 83 34 95 75 30 16 67 76 85 69 36 9 84 1 41 53 5 13 51 26 19 39 56 24 42 44 31 0 23 54 3 77 8 49 27 89 92 17 79 88 60 43 98 32 37 47 94 45 28 91 52 64 78 57 22 58 66 7 70 73 29 93 
TEST 49 ARG:65 5 77 28 13 59 47 24 21 88 52 3 39 60 97 94 23 44 72 56 4 25 93 48 6 51 75 29 19 57 9 64 58 0 1 61 40 17 2 50 42 98 45 82 31 34 76 36 53 71 90 84 46 35 41 7 10 66 49 89 74 62 96 30 67 99 81 87 91 15 78 22 37 20 83 95 11 68 86 70 79 12 8 80 63 92 18 32 43 69 26 16 55 38 27 54 85 14 73 33 
TEST 49 ARG:65 5 77 28 13 59 47 24 21 88 52 3 39 60 97 94 23 44 72 56 4 25 93 48 6 51 75 29 19 57 9 64 58 0 1 61 40 17 2 50 42 98 45 82 31 34 76 36 53 71 90 84 46 35 41 7 10 66 49 89 74 62 96 30 67 99 81 87 91 15 78 22 37 20 83 95 11 68 86 70 79 12 8 80 63 92 18 32 43 69 26 16 55 38 27 54 85 14 73 33 
TEST 50 ARG:0 92 54 96 93 41 12 9 68 20 73 61 67 89 6 64 23 13 83 65 8 49 38 32 40 35 37 82 71 44 26 18 59 58 72 45 95 24 74 3 55 53 10 16 70 81 51 66 69 98 47 25 28 39 30 4 99 52 76 88 57 91 90 94 84 31 29 97 42 79 22 77 75 43 78 85 50 15 7 11 36 21 86 87 63 80 46 27 56 17 48 60 5 2 19 1 33 62 34 14 
TEST 50 ARG:0 92 54 96 93 41 12 9 68 20 73 61 67 89 6 64 23 13 83 65 8 49 38 32 40 35 37 82 71 44 26 18 59 58 72 45 95 24 74 3 55 53 10 16 70 81 51 66 69 98 47 25 28 39 30 4 99 52 76 88 57 91 90 94 84 31 29 97 42 79 22 77 75 43 78 85 50 15 7 11 36 21 86 87 63 80 46 27 56 17 48 60 5 2 19 1 33 62 34 14 
TEST 51 ARG:19 24 40 69 55 1 25 4 5 87 38 86 94 2 10 8 18 75 56 81 96 59 11 72 33 21 68 22 42 3 51 30 32 53 43 93 28 90 6 16 39 54 63 98 37 9 52 82 0 77 71 67 36 17 34 41 35 80 88 74 73 95 78 27 31 91 62 14 99 85 97 61 48 49 70 66 92 89 64 26 47 23 29 60 44 45 12 15 57 20 79 13 46 58 76 7 84 83 65 50 
TEST 51 ARG:19 24 40 69 55 1 25 4 5 87 38 86 94 2 10 8 18 75 56 81 96 59 11 72 33 21 68 22 42 3 51 30 32 53 43 93 28 90 6 16 39 54 63 98 37 9 52 82 0 77 71 67 36 17 34 41 35 80 88 74 73 95 78 27 31 91 62 14 99 85 97 61 48 49 70 66 92 89 64 26 47 23 29 60 44 45 12 15 57 20 79 13 46 58 76 7 84 83 65 50 
TEST 52 ARG:52 44 93 82 74 6 60 1 65 61 77 8 76 54 45 22 58 2 97 43 17 64 56 78 75 3 18 72 30 87 50 59 15 19 99 79 51 27 10 94 14 67 29 81 89 13 70 21 41 12 42 47 96 39 33 5 11 84 35 37 9 31 95 57 98 90 49 46 85 91 80 23 63 16 69 4 26 34 20 62 28 25 83 68 71 88 86 55 40 38 7 36 53 24 92 66 32 0 73 48 
TEST 52 ARG:52 44 93 82 74 6 60 1 65 61 77 8 76 54 45 22 58 2 97 43 17 64 56 78 75 3 18 72 30 87 50 59 15 19 99 79 51 27 10 94 14 67 29 81 89 13 70 21 41 12 42 47 96 39 33 5 11 84 35 37 9 31 95 57 98 90 49 46 85 91 80 23 63 16 69 4 26 34 20 62 28 25 83 68 71 88 86 55 40 38 7 36 53 24 92 66 32 0 73 48 
TEST 53 ARG:71 53 69 13 49 62 38 74 80 96 7 28 39 22 32 36 27 76 31 20 18 50 40 55 99 19 29 25 83 91 33 84 81 0 23 4 24 34 9 1 46 15 56 54 5 90 61 52 93 58 77 70 87 59 51 44 30 85 17 45 82 60 66 57 11 37 35 43 16 64 73 78 65 10 6 92 97 12 72 42 94 63 21 48 79 68 88 41 86 47 2 26 14 3 98 67 75 8 89 95 
TEST 53 ARG:71 53 69 13 49 62 38 74 80 96 7 28 39 22 32 36 27 76 31 20 18 50 40 55 99 19 29 25 83 91 33 84 81 0 23 4 24 34 9 1 46 15 56 54 5 90 61 52 93 58 77 70 87 59 51 44 30 85 17 45 82 60 66 57 11 37 35 43 16 64 73 78 65 10 6 92 97 12 72 42 94 63 21 48 79 68 88 41 86 47 2 26 14 3 98 67 75 8 89 95 
TEST 54 ARG:65 53 31 90 42 74 57 83 59 69 30 86 43 60 20 85 36 95 23 81 77 84 25 16 92 35 98 66 28 93 6 47 4 15 14 91 26 44 34 63 96 94 71 1 89 46 41 40 54 32 8 52 88 9 58 2 76 3 97 37 33 0 24 21 80 82 22 75 39 19 29 56 13 51 48 11 17 73 5 67 99 49 87 12 64 18 45 55 72 38 70 79 7 62 61 27 10 50 68 78 
TEST 54 ARG:65 53 31 90 42 74 57 83 59 69 30 86 43 60 20 85 36 95 23 81 77 84 25 16 92 35 98 66 28 93 6 47 4 15 14 91 26 44 34 63 96 94 71 1 89 46 41 40 54 32 8 52 88 9 58 2 76 3 97 37 33 0 24 21 80 82 22 75 39 19 29 56 13 51 48 11 17 73 5 67 99 49 87 12 64 18 45 55 72 38 70 79 7 62 61 27 10 50 68 78 
TEST 55 ARG:39 4 18 76 58 41 70 62 7 49 37 53 28 16 81 51 21 77 57 19 48 78 14 17 36 59 27 71 44 25 54 47 10 88 97 64 56 5 12 45 63 69 92 94 29 20 23 46 30 35 82 34 1 67 6 93 91 50 90 60 2 55 98 87 33 61 15 31 0 42 24 84 96 83 74 89 26 79 73 22 80 99 3 13 86 65 32 95 40 68 72 75 8 52 11 85 38 9 43 66 
TEST 55 ARG:39 4 18 76 58 41 70 62 7 49 37 53 28 16 81 51 21 77 57 19 48 78 14 17 36 59 27 71 44 25 54 47 10 88 97 64 56 5 12 45 63 69 92 94 29 20 23 46 30 35 82 34 1 67 6 93 91 50 90 60 2 55 98 87 33 61 15 31 0 42 24 84 96 83 74 89 26 79 73 22 80 99 3 13 86 65 32 95 40 68 72 75 8 52 11 85 38 9 43 66 
TEST 56 ARG:89 81 72 75 32 12 90 39 6 15 69 49 82 55 22 67 51 88 96 64 16 17 63 91 85 41 21 86 2 18 13 92 44 4 42 1 84 99 3 53 43 38 76 97 62 73 56 52 48 5 8 47 9 25 19 65 28 10 7 59 74 11 26 94 80 58 93 36 37 57 29 0 66 70 45 20 35 40 33 68 30 54 77 98 60 46 23 50 27 83 71 79 87 95 14 61 31 34 24 78 
TEST 56 ARG:89 81 72 75 32 12 90 39 6 15 69 49 82 55 22 67 51 88 96 64 16 17 63 91 85 41 21 86 2 18 13 92 44 4 42 1 84 99 3 53 43 38 76 97 62 73 56 52 48 5 8 47 9 25 19 65 28 10 7 59 74 11 26 94 80 58 93 36 37 57 29 0 66 70 45 20 35 40 33 68 30 54 77 98 60 46 23 50 27 83 71 79 87 95 14 61 31 34 24 78 
TEST 57 ARG:25 20 22 18 54 91 73 4 93 49 35 36 34 82 24 17 37 61 52 65 9 72 88 3 21 84 78 60 68 42 87 41 77 11 96 29 57 2 74 59 90 89 0 79 53 86 43 12 45 19 5 95 33 15 70 58 16 26 83 27 6 71 67 99 31 46 10 98 92 75 56 8 48 80 51 85 38 14 30 13 47 66 39 55 63 1 32 40 81 69 7 23 94 50 97 76 62 28 44 64 
TEST 57 ARG:25 20 22 18 54 91 73 4 93 49 35 36 34 82 24 17 37 61 52 65 9 72 88 3 21 84 78 60 68 42 87 41 77 11 96 29 57 2 74 59 90 89 0 79 53 86 43 12 45 19 5 95 33 15 70 58 16 26 83 27 6 71 67 99 31 46 10 98 92 75 56 8 48 80 51 85 38 14 30 13 47 66 39 55 63 1 32 40 81 69 7 23 94 50 97 76 62 28 44 64 
TEST 58 ARG:97 45 10 74 6 55 69 22 49 33 65 17 60 59 2 98 48 44 21 19 46 82 1 25 78 71 88 35 27 28 38 76 66 89 81 63 58 31 53 75 67 72 32 93 9 14 41 57 96 8 61 70 92 20 42 85 73 34 83 16 12 90 99 50 4 87 29 54 36 40 39 86 11 64 91 24 43 0 52 15 84 3 18 80 68 79 94 77 7 26 5 37 13 47 95 23 51 56 30 62 
TEST 58 ARG:97 45 10 74 6 55 69 22 49 33 65 17 60 59 2 98 48 44 21 19 46 82 1 25 78 71 88 35 27 28 38 76 66 89 81 63 58 31 53 75 67 72 32 93 9 14 41 57 96 8 61 70 92 20 42 85 73 34 83 16 12 90 99 50 4 87 29 54 36 40 39 86 11 64 91 24 43 0 52 15 84 3 18 80 68 79 94 77 7 26 5 37 13 47 95 23 51 56 30 62 
TEST 59 ARG:13 61 26 94 12 75 47 85 52 77 69 90 4 73 51 44 71 45 92 36 89 58 40 33 42 62 96 64 39 55 97 2 35 27 80 1 6 9 19 53 37 87 41 22 78 79 7 76 14 8 28 23 49 34 30 98 10 18 70 88 46 50 0 17 59 91 74 15 65 21 29 66 16 25 56 95 67 43 38 11 57 31 81 84 72 32 54 24 60 68 93 5 83 99 48 20 82 3 63 86 
TEST 59 ARG:13 61 26 94 12 75 47 85 52 77 69 90 4 73 51 44 71 45 92 36 89 58 40 33 42 62 96 64 39 55 97 2 35 27 80 1 6 9 19 53 37 87 41 22 78 79 7 76 14 8 28 23 49 34 30 98 10 18 70 88 46 50 0 17 59 91 74 15 65 21 29 66 16 25 56 95 67 43 38 11 57 31 81 84 72 32 54 24 60 68 93 5 83 99 48 20 82 3 63 86 
TEST 60 ARG:33 51 21 54 83 98 7 13 87 66 48 22 69 85 19 53 37 96 59 75 84 94 93 5 9 15 68 64 3 10 71 36 60 78 55 28 74 47 38 40 97 32 16 72 17 58 18 31 99 65 6 90 39 12 63 81 73 92 82 30 61 42 70 4 67 41 79 0 62 8 43 20 35 26 91 56 25 11 95 57 27 50 80 76 46 2 45 34 44 23 29 49 14 89 24 52 88 1 77 86 
TEST 60 ARG:33 51 21 54 83 98 7 13 87 66 48 22 69 85 19 53 37 96 59 75 84 94 93 5 9 15 68 64 3 10 71 36 60 78 55 28 74 47 38 40 97 32 16 72 17 58 18 31 99 65 6 90 39 12 63 81 73 92 82 30 61 42 70 4 67 41 79 0 62 8 43 20 35 26 91 56 25 11 95 57 27 50 80 76 46 2 45 34 44 23 29 49 14 89 24 52 88 1 77 86 
TEST 61 ARG:13 33 73 7 52 53 61 54 98 2 92 50 12 26 85 94 39 22 95 91 88 4 55 99 68 40 3 74 78 58 30 25 6 86 43 15 10 46 28 97 32 49 84 57 29 79 83 87 44 17 96 16 42 8 45 82 89 34 35 36 63 64 11 48 24 90 14 31 69 37 77 41 20 18 60 9 72 65 19 56 62 80 1 59 0 70 27 47 81 5 21 71 76 23 51 38 93 66 75 67 
TEST 61 ARG:13 33 73 7 52 53 61 54 98 2 92 50 12 26 85 94 39 22 95 91 88 4 55 99 68 40 3 74 78 58 30 25 6 86 43 15 10 46 28 97 32 49 84 57 29 79 83 87 44 17 96 16 42 8 45 82 89 34 35 36 63 64 11 48 24 90 14 31 69 37 77 41 20 18 60 9 72 65 19 56 62 80 1 59 0 70 27 47 81 5 21 71 76 23 51 38 93 66 75 67 
TEST 62 ARG:47 52 55 25 46 39 16 64 40 49 87 79 8 57 28 82 69 99 30 91 15 21 17 90 22 36 86 66 24 18 59 65 42 23 53 58 63 1 67 97 81 33 31 10 96 78 85 51 50 95 0 48 72 41 98 93 43 88 7 94 61 76 77 75 44 35 6 4 32 73 38 56 19 83 68 37 5 71 60 29 27 11 14 3 12 45 26 54 2 80 34 20 13 70 9 84 92 62 74 89 
TEST 62 ARG:47 52 55 25 46 39 16 64 40 49 87 79 8 57 28 82 69 99 30 91 15 21 17 90 22 36 86 66 24 18 59 65 42 23 53 58 63 1 67 97 81 33 31 10 96 78 85 51 50 95 0 48 72 41 98 93 43 88 7 94 61 76 77 75 44 35 6 4 32 73 38 56 19 83 68 37 5 71 60 29 27 11 14 3 12 45 26 54 2 80 34 20 13 70 9 84 92 62 74 89 
TEST 63 ARG:91 2 16 94 98 15 81 72 47 6 12 43 26 41 99 86 23 18 27 89 62 57 8 55 83 64 25 92 75 49 34 50 5 21 11 14 59 84 95 48 68 93 0 28 65 7 24 20 36 30 61 58 53 80 39 51 90 22 70 10 4 69 82 63 46 52 35 19 76 13 77 31 1 78 56 97 60 66 74 54 87 96 3 32 37 67 85 73 45 9 33 44 29 17 88 38 71 79 40 42 
TEST 63 ARG:91 2 16 94 98 15 81 72 47 6 12 43 26 41 99 86 23 18 27 89 62 57 8 55 83 64 25 92 75 49 34 50 5 21 11 14 59 84 95 48 68 93 0 28 65 7 24 20 36 30 61 58 53 80 39 51 90 22 70 10 4 69 82 63 46 52 35 19 76 13 77 31 1 78 56 97 60 66 74 54 87 96 3 32 37 67 85 73 45 9 33 44 29 17 88 38 71 79 40 42 
TEST 64 ARG:35 95 67 28 71 84 91 9 80 15 90 1 36 39 89 24 72 37 18 22 3 26 62 76 65 51 69 92 54 64 59 31 2 53 4 66 6 40 60 21 13 11 49 7 30 38 56 57 94 81 10 27 33 46 14 48 97 12 86 16 41 77 87 23 50 68 25 20 47 63 5 78 82 29 8 19 93 88 55 70 32 17 96 34 44 58 99 73 75 83 42 98 79 43 74 0 52 85 45 61 
TEST 64 ARG:35 95 67 28 71 84 91 9 80 15 90 1 36 39 89 24 72 37 18 22 3 26 62 76 65 51 69 92 54 64 59 31 2 53 4 66 6 40 60 21 13 11 49 7 30 38 56 57 94 81 10 27 33 46 14 48 97 12 86 16 41 77 87 23 50 68 25 20 47 63 5 78 82 29 8 19 93 88 55 70 32 17 96 34 44 58 99 73 75 83 42 98 79 43 74 0 52 85 45 61 
TEST 65 ARG:4 84 52 92 93 67 28 36 24 73 89 85 1 72 23 8 76 46 94 14 18 96 80 19 71 41 95 27 59 49 82 81 50 13 16 87 60 35 37 21 55 98 78 29 31 30 43 70 48 83 39 97 99 34 5 54 6 79 0 65 10 3 56 51 9 7 38 88 33 15 77 69 2 68 61 57 25 32 12 62 40 58 66 74 75 53 22 45 42 90 91 44 17 64 26 20 86 11 63 47 
TEST 65 ARG:4 84 52 92 93 67 28 36 24 73 89 85 1 72 23 8 76 46 94 14 18 96 80 19 71 41 95 27 59 49 82 81 50 13 16 87 60 35 37 21 55 98 78 29 31 30 43 70 48 83 39 97 99 34 5 54 6 79 0 65 10 3 56 51 9 7 38 88 33 15 77 69 2 68 61 57 25 32 12 62 40 58 66 74 75 53 22 45 42 90 91 44 17 64 26 20 86 11 63 47 
TEST 66 ARG:80 35 96 67 15 88 85 76 60 92 10 29 5 97 81 21 37 27 40 89 90 49 39 69 50 44 55 6 22 71 70 98 52 4 51 74 0 20 38 73 61 86 1 11 43 62 23 54 95 82 79 45 84 34 19 58 87 24 72 47 57 68 99 94 53 42 63 30 48 2 28 25 12 91 64 36 9 32 18 33 78 8 26 46 59 83 93 13 7 14 16 66 65 41 17 31 75 77 3 56 
TEST 66 ARG:80 35 96 67 15 88 85 76 60 92 10 29 5 97 81 21 37 27 40 89 90 49 39 69 50 44 55 6 22 71 70 98 52 4 51 74 0 20 38 73 61 86 1 11 43 62 23 54 95 82 79 45 84 34 19 58 87 24 72 47 57 68 99 94 53 42 63 30 48 2 28 25 12 91 64 36 9 32 18 33 78 8 26 46 59 83 93 13 7 14 16 66 65 41 17 31 75 77 3 56 
TEST 67 ARG:26 79 25 7 83 32 88 23 95 54 4 78 3 36 86 14 8 58 72 82 29 52 69 75 55 40 90 51 11 19 49 2 99 97 30 0 84 70 62 66 20 15 57 68 13 45 46 67 56 77 5 18 92 65 42 98 1 85 74 93 50 27 44 63 91 47 35 21 76 48 80 41 16 22 34 37 10 89 96 38 12 43 39 61 60 28 87 6 81 33 24 73 9 53 71 64 31 17 59 94 
TEST 67 ARG:26 79 25 7 83 32 88 23 95 54 4 78 3 36 86 14 8 58 72 82 29 52 69 75 55 40 90 51 11 19 49 2 99 97 30 0 84 70 62 66 20 15 57 68 13 45 46 67 56 77 5 18 92 65 42 98 1 85 74 93 50 27 44 63 91 47 35 21 76 48 80 41 16 22 34 37 10 89 96 38 12 43 39 61 60 28 87 6 81 33 24 73 9 53 71 64 31 17 59 94 
TEST 68 ARG:72 43 80 15 82 0 53 73 86 11 54 20 8 6 91 61 95 16 99 26 98 67 58 28 17 59 79 33 19 74 97 94 76 25 2 44 71 68 14 93 32 37 70 30 90 24 10 75 47 85 60 3 66 49 88 45 38 84 9 18 63 62 48 7 23 56 89 34 87 46 13 31 1 21 65 77 50 69 42 29 96 4 51 22 92 81 55 52 5 36 57 83 35 41 40 64 78 27 39 12 
TEST 68 ARG:72 43 80 15 82 0 53 73 86 11 54 20 8 6 91 61 95 16 99 26 98 67 58 28 17 59 79 33 19 74 97 94 76 25 2 44 71 68 14 93 32 37 70 30 90 24 10 75 47 85 60 3 66 49 88 45 38 84 9 18 63 62 48 7 23 56 89 34 87 46 13 31 1 21 65 77 50 69 42 29 96 4 51 22 92 81 55 52 5 36 57 83 35 41 40 64 78 27 39 12 
TEST 69 ARG:71 98 44 90 82 17 75 32 26 41 14 58 43 9 39 1 53 99 76 86 46 94 48 84 35 95 81 52 38 68 93 19 65 64 10 89 83 73 11 29 96 15 91 21 24 4 27 23 57 51 56 30 47 92 62 36 87 54 40 80 67 61 28 22 79 18 88 97 0 7 69 16 33 5 49 12 50 8 20 45 34 6 63 78 77 66 31 85 37 59 42 72 13 60 74 55 70 25 2 3 
TEST 69 ARG:71 98 44 90 82 17 75 32 26 41 14 58 43 9 39 1 53 99 76 86 46 94 48 84 35 95 81 52 38 68 93 19 65 64 10 89 83 73 11 29 96 15 91 21 24 4 27 23 57 51 56 30 47 92 62 36 87 54 40 80 67 61 28 22 79 18 88 97 0 7 69 16 33 5 49 12 50 8 20 45 34 6 63 78 77 66 31 85 37 59 42 72 13 60 74 55 70 25 2 3 
TEST 70 ARG:58 88 94 15 32 97 36 7 67 57 8 90 80 35 85 25 2 29 87 11 62 75 82 4 24 31 93 12 64 50 89 34 84 44 10 98 51 40 18 99 17 83 42 48 56 38 59 52 16 91 69 30 0 5 71 61 21 28 33 6 41 45 95 76 20 13 37 65 39 63 9 73 3 22 66 86 68 96 70 77 49 26 92 81 19 1 54 79 47 53 27 72 55 78 46 60 74 14 23 43 
TEST 70 ARG:58 88 94 15 32 97 36 7 67 57 8 90 80 35 85 25 2 29 87 11 62 75 82 4 24 31 93 12 64 50 89 34 84 44 10 98 51 40 18 99 17 83 42 48 56 38 59 52 16 91 69 30 0 5 71 61 21 28 33 6 41 45 95 76 20 13 37 65 39 63 9 73 3 22 66 86 68 96 70 77 49 26 92 81 19 1 54 79 47 53 27 72 55 78 46 60 74 14 23 43 
TEST 71 ARG:62 93 59 61 82 64 38 87 3 95 70 10 56 8 78 72 37 98 43 30 47 71 80 54 42 24 20 94 85 28 9 5 90 89 66 69 57 19 75 99 51 96 32 29 40 18 46 77 92 41 74 86 39 91 83 1 79 52 7 6 97 76 26 31 23 50 27 49 35 58 16 63 21 15 73 84 14 68 25 48 13 53 4 65 81 34 36 45 60 55 17 22 44 12 33 67 11 0 88 2 
TEST 71 ARG:62 93 59 61 82 64 38 87 3 95 70 10 56 8 78 72 37 98 43 30 47 71 80 54 42 24 20 94 85 28 9 5 90 89 66 69 57 19 75 99 51 96 32 29 40 18 46 77 92 41 74 86 39 91 83 1 79 52 7 6 97 76 26 31 23 50 27 49 35 58 16 63 21 15 73 84 14 68 25 48 13 53 4 65 81 34 36 45 60 55 17 22 44 12 33 67 11 0 88 2 
TEST 72 ARG:98 56 21 20 52 75 40 48 29 77 73 97 76 6 72 19 78 44 63 35 10 34 79 71 38 84 83 95 28 14 90 93 50 7 9 81 65 25 86 33 88 17 68 2 5 61 49 89 53 70 92 27 30 22 55 42 99 62 64 57 39 59 41 85 13 12 3 1 54 47 31 66 32 74 43 96 36 60 67 18 45 58 82 23 15 37 11 8 46 24 51 87 80 69 4 91 26 94 16 0 
TEST 72 ARG:98 56 21 20 52 75 40 48 29 77 73 97 76 6 72 19 78 44 63 35 10 34 79 71 38 84 83 95 28 14 90 93 50 7 9 81 65 25 86 33 88 17 68 2 5 61 49 89 53 70 92 27 30 22 55 42 99 62 64 57 39 59 41 85 13 12 3 1 54 47 31 66 32 74 43 96 36 60 67 18 45 58 82 23 15 37 11 8 46 24 51 87 80 69 4 91 26 94 16 0 
TEST 73 ARG:60 16 40 26 13 58 61 18 43 24 92 93 99 37 10 70 83 5 77 97 80 54 87 19 49 46 85 8 84 65 35 33 42 95 34 23 94 75 88 82 3 4 38 57 89 71 21 22 74 14 66 27 81 72 50 91 29 12 11 63 59 53 76 25 15 64 79 32 96 1 56 51 36 17 73 67 68 52 69 78 41 44 28 90 39 2 30 9 55 31 47 7 0 62 45 48 86 6 20 98 
TEST 73 ARG:60 16 40 26 13 58 61 18 43 24 92 93 99 37 10 70 83 5 77 97 80 54 87 19 49 46 85 8 84 65 35 33 42 95 34 23 94 75 88 82 3 4 38 57 89 71 21 22 74 14 66 27 81 72 50 91 29 12 11 63 59 53 76 25 15 64 79 32 96 1 56 51 36 17 73 67 68 52 69 78 41 44 28 90 39 2 30 9 55 31 47 7 0 62 45 48 86 6 20 98 
TEST 74 ARG:74 51 38 15 16 98 3 60 35 18 4 94 34 82 50 89 9 79 81 64 5 31 23 17 32 22 19 25 24 97 66 27 92 46 73 56 42 39 37 44 96 58 55 63 6 67 75 80 52 47 65 61 76 83 87 48 71 95 69 12 41 11 85 84 0 59 1 57 72 45 88 91 93 26 86 29 36 2 8 7 77 70 30 13 33 21 49 78 14 54 68 20 62 10 53 99 40 90 28 43 
TEST 74 ARG:74 51 38 15 16 98 3 60 35 18 4 94 34 82 50 89 9 79 81 64 5 31 23 17 32 22 19 25 24 97 66 27 92 46 73 56 42 39 37 44 96 58 55 63 6 67 75 80 52 47 65 61 76 83 87 48 71 95 69 12 41 11 85 84 0 59 1 57 72 45 88 91 93 26 86 29 36 2 8 7 77 70 30 13 33 21 49 78 14 54 68 20 62 10 53 99 40 90 28 43 
TEST 75 ARG:88 5 56 90 12 15 54 84 52 29 23 65 45 6 66 93 97 37 46 21 51 77 83 99 86 24 57 85 79 96 0 75 39 28 41 62 14 8 43 49 81 31 18 38 44 4 78 1 92 63 3 53 13 60 68 42 71 7 76 17 34 47 2 36 95 33 22 50 40 82 74 55 98 9 61 87 26 94 80 67 91 58 48 19 72 11 25 10 89 70 32 59 69 27 64 73 30 16 35 20 
TEST 75 ARG:88 5 56 90 12 15 54 84 52 29 23 65 45 6 66 93 97 37 46 21 51 77 83 99 86 24 57 85 79 96 0 75 39 28 41 62 14 8 43 49 81 31 18 38 44 4 78 1 92 63 3 53 13 60 68 42 71 7 76 17 34 47 2 36 95 33 22 50 40 82 74 55 98 9 61 87 26 94 80 67 91 58 48 19 72 11 25 10 89 70 32 59 69 27 64 73 30 16 35 20 
TEST 76 ARG:43 53 90 59 16 0 21 5 41 11 95 55 1 79 8 81 68 99 27 93 45 47 18 96 2 25 12 80 57 75 97 10 28 89 15 48 52 4 76 54 74 92 91 82 30 73 33 42 71 69 19 63 9 6 66 13 85 44 37 88 50 14 31 67 78 64 24 7 26 77 32 34 39 62 17 70 98 86 38 46 40 84 49 72 60 65 61 35 83 94 87 20 3 56 36 22 58 51 23 29 
TEST 76 ARG:43 53 90 59 16 0 21 5 41 11 95 55 1 79 8 81 68 99 27 93 45 47 18 96 2 25 12 80 57 75 97 10 28 89 15 48 52 4 76 54 74 92 91 82 30 73 33 42 71 69 19 63 9 6 66 13 85 44 37 88 50 14 31 67 78 64 24 7 26 77 32 34 39 62 17 70 98 86 38 46 40 84 49 72 60 65 61 35 83 94 87 20 3 56 36 22 58 51 23 29 
TEST 77 ARG:72 93 20 58 39 83 27 65 75 1 48 84 2 79 15 46 55 26 12 45 49 74 62 9 7 14 50 35 23 28 63 94 21 87 76 10 25 57 40 44 54 51 96 38 18 31 64 0 81 42 99 92 61 11 6 43 98 4 16 97 85 29 78 17 73 32 8 53 69 52 80 67 24 41 88 86 36 71 34 30 60 37 19 68 22 56 59 70 90 77 47 3 91 95 5 89 33 13 82 66 
TEST 77 ARG:72 93 20 58 39 83 27 65 75 1 48 84 2 79 15 46 55 26 12 45 49 74 62 9 7 14 50 35 23 28 63 94 21 87 76 10 25 57 40 44 54 51 96 38 18 31 64 0 81 42 99 92 61 11 6 43 98 4 16 97 85 29 78 17 73 32 8 53 69 52 80 67 24 41 88 86 36 71 34 30 60 37 19 68 22 56 59 70 90 77 47 3 91 95 5 89 33 13 82 66 
TEST 78 ARG:34 18 69 67 92 43 44 19 94 71 58 82 59 56 35 9 39 31 88 2 78 75 47 29 1 21 50 60 83 54 79 25 68 98 26 96 72 65 51 66 11 70 48 64 28 17 84 33 6 15 3 90 36 24 93 40 62 13 73 41 86 16 46 49 22 0 89 45 10 4 95 32 30 74 27 14 37 8 12 87 23 91 76 61 81 20 57 63 99 7 55 38 53 52 85 5 42 80 77 97 
TEST 78 ARG:34 18 69 67 92 43 44 19 94 71 58 82 59 56 35 9 39 31 88 2 78 75 47 29 1 21 50 60 83 54 79 25 68 98 26 96 72 65 51 66 11 70 48 64 28 17 84 33 6 15 3 90 36 24 93 40 62 13 73 41 86 16 46 49 22 0 89 45 10 4 95 32 30 74 27 14 37 8 12 87 23 91 76 61 81 20 57 63 99 7 55 38 53 52 85 5 42 80 77 97 
TEST 79 ARG:66 91 54 94 72 13 28 69 53 8 17 18 15 2 80 57 48 41 63 20 38 78 50 33 84 1 25 79 5 9 47 40 19 26 67 49 61 30 14 95 82 89 85 46 59 73 11 6 64 56 31 35 83 21 98 81 77 29 55 34 16 58 88 62 93 44 3 74 27 86 12 7 0 36 75 71 43 70 39 45 42 60 32 68 97 51 99 76 24 23 52 4 10 92 90 22 96 87 37 65 
TEST 79 ARG:66 91 54 94 72 13 28 69 53 8 17 18 15 2 80 57 48 41 63 20 38 78 50 33 84 1 25 79 5 9 47 40 19 26 67 49 61 30 14 95 82 89 85 46 59 73 11 6 64 56 31 35 83 21 98 81 77 29 55 34 16 58 88 62 93 44 3 74 27 86 12 7 0 36 75 71 43 70 39 45 42 60 32 68 97 51 99 76 24 23 52 4 10 92 90 22 96 87 37 65 
TEST 80 ARG:9 20 15 26 35 57 65 77 32 72 74 21 11 30 51 62 68 6 69 5 66 41 53 82 28 89 44 70 14 98 76 16 94 56 23 67 42 97 73 95 96 58 10 17 39 3 84 78 92 63 8 71 0 27 18 40 61 88 81 25 43 60 59 79 55 2 91 93 45 85 29 90 12 1 36 87 37 7 19 86 47 83 75 46 52 80 54 99 49 13 33 31 50 24 22 48 4 34 38 64 
TEST 80 ARG:9 20 15 26 35 57 65 77 32 72 74 21 11 30 51 62 68 6 69 5 66 41 53 82 28 89 44 70 14 98 76 16 94 56 23 67 42 97 73 95 96 58 10 17 39 3 84 78 92 63 8 71 0 27 18 40 61 88 81 25 43 60 59 79 55 2 91 93 45 85 29 90 12 1 36 87 37 7 19 86 47 83 75 46 52 80 54 99 49 13 33 31 50 24 22 48 4 34 38 64 
TEST 81 ARG:65 98 33 12 7 8 36 13 27 76 4 45 90 64 63 73 15 93 60 77 20 32 89 29 51 99 70 68 16 24 23 96 38 82 80 53 28 25 62 84 71 35 0 37 56 31 74 85 87 10 22 83 47 48 9 14 59 94 75 5 41 46 91 54 52 72 19 67 11 81 69 43 92 42 61 88 34 50 26 44 97 58 79 39 57 55 40 86 1 66 49 3 78 18 2 6 95 21 17 30 
TEST 81 ARG:65 98 33 12 7 8 36 13 27 76 4 45 90 64 63 73 15 93 60 77 20 32 89 29 51 99 70 68 16 24 23 96 38 82 80 53 28 25 62 84 71 35 0 37 56 31 74 85 87 10 22 83 47 48 9 14 59 94 75 5 41 46 91 54 52 72 19 67 11 81 69 43 92 42 61 88 34 50 26 44 97 58 79 39 57 55 40 86 1 66 49 3 78 18 2 6 95 21 17 30 
TEST 82 ARG:26 98 4 59 20 3 38 40 2 82 86 8 39 89 52 21 94 5 49 34 73 11 28 81 22 92 67 66 55 80 18 75 57 12 56 7 96 58 29 90 44 77 10 6 63 65 74 37 35 32 79 88 76 27 1 97 64 78 47 42 72 51 69 41 54 33 53 95 60 46 45 13 68 91 87 24 83 15 99 0 23 43 71 61 16 19 62 48 14 36 84 30 50 70 31 25 17 9 93 85 
TEST 82 ARG:26 98 4 59 20 3 38 40 2 82 86 8 39 89 52 21 94 5 49 34 73 11 28 81 22 92 67 66 55 80 18 75 57 12 56 7 96 58 29 90 44 77 10 6 63 65 74 37 35 32 79 88 76 27 1 97 64 78 47 42 72 51 69 41 54 33 53 95 60 46 45 13 68 91 87 24 83 15 99 0 23 43 71 61 16 19 62 48 14 36 84 30 50 70 31 25 17 9 93 85 
TEST 83 ARG:54 50 51 43 67 14 53 36 29 47 7 98 38 3 23 25 91 21 31 97 18 30 69 59 9 42 63 37 32 62 80 99 55 56 6 89 65 24 64 16 74 22 82 68 0 90 79 4 73 10 77 20 13 34 95 46 33 19 83 88 15 27 35 17 78 94 11 26 96 87 60 81 52 84 58 44 71 5 1 12 86 8 75 85 72 48 28 2 93 39 41 92 40 57 76 70 66 49 45 61 
TEST 83 ARG:54 50 51 43 67 14 53 36 29 47 7 98 38 3 23 25 91 21 31 97 18 30 69 59 9 42 63 37 32 62 80 99 55 56 6 89 65 24 64 16 74 22 82 68 0 90 79 4 73 10 77 20 13 34 95 46 33 19 83 88 15 27 35 17 78 94 11 26 96 87 60 81 52 84 58 44 71 5 1 12 86 8 75 85 72 48 28 2 93 39 41 92 40 57 76 70 66 49 45 61 
TEST 84 ARG:48 78 39 86 95 23 42 35 10 91 76 81 3 51 74 31 14 5 41 59 19 29 77 94 68 25 26 4 2 9 15 27 54 71 69 97 60 28 57 96 85 45 20 8 66 6 88 30 0 33 63 87 83 64 46 49 93 82 18 65 56 13 58 36 1 37 12 61 34 62 52 75 90 98 11 38 7 79 53 55 21 73 99 92 47 80 22 89 44 72 43 40 50 17 24 16 32 70 84 67 
TEST 84 ARG:48 78 39 86 95 23 42 35 10 91 76 81 3 51 74 31 14 5 41 59 19 29 77 94 68 25 26 4 2 9 15 27 54 71 69 97 60 28 57 96 85 45 20 8 66 6 88 30 0 33 63 87 83 64 46 49 93 82 18 65 56 13 58 36 1 37 12 61 34 62 52 75 90 98 11 38 7 79 53 55 21 73 99 92 47 80 22 89 44 72 43 40 50 17 24 16 32 70 84 67 
TEST 85 ARG:20 31 17 72 48 30 14 90 23 29 8 34 16 86 12 40 89 13 27 6 61 26 18 7 81 10 91 83 15 56 50 94 73 46 1 9 75 85 32 35 43 66 49 98 53 21 77 78 55 95 93 52 87 69 97 96 41 80 92 37 71 76 82 58 0 99 4 57 33 64 74 65 22 54 28 5 38 24 84 11 68 70 60 44 36 88 3 2 47 39 19 25 59 45 79 67 51 62 42 63 
TEST 85 ARG:20 31 17 72 48 30 14 90 23 29 8 34 16 86 12 40 89 13 27 6 61 26 18 7 81 10 91 83 15 56 50 94 73 46 1 9 75 85 32 35 43 66 49 98 53 21 77 78 55 95 93 52 87 69 97 96 41 80 92 37 71 76 82 58 0 99 4 57 33 64 74 65 22 54 28 5 38 24 84 11 68 70 60 44 36 88 3 2 47 39 19 25 59 45 79 67 51 62 42 63 
TEST 86 ARG:14 11 12 72 79 91 10 54 37 80 42 48 95 8 36 89 5 4 76 9 57 2 94 31 24 35 58 59 98 44 63 49 40 23 99 13 25 18 62 38 69 84 78 27 41 83 75 3 33 70 26 17 96 39 66 81 88 60 85 22 7 19 82 77 34 93 28 73 20 61 21 32 65 74 64 43 97 29 68 52 15 53 46 0 86 90 51 16 47 50 71 67 6 56 87 55 1 92 45 30 
TEST 86 ARG:14 11 12 72 79 91 10 54 37 80 42 48 95 8 36 89 5 4 76 9 57 2 94 31 24 35 58 59 98 44 63 49 40 23 99 13 25 18 62 38 69 84 78 27 41 83 75 3 33 70 26 17 96 39 66 81 88 60 85 22 7 19 82 77 34 93 28 73 20 61 21 32 65 74 64 43 97 29 68 52 15 53 46 0 86 90 51 16 47 50 71 67 6 56 87 55 1 92 45 30 
TEST 87 ARG:75 72 70 12 71 53 10 49 82 2 22 69 34 62 33 54 78 95 73 51 23 32 13 38 96 77 91 59 27 45 9 90 50 42 68 28 89 7 26 25 18 0 47 66 99 56 52 61 16 15 24 57 58 40 94 20 4 97 3 5 55 1 37 79 44 98 85 19 39 36 6 46 48 65 60 41 83 31 86 93 30 80 35 76 74 87 67 81 84 63 29 64 17 8 11 14 92 88 43 21 
TEST 87 ARG:75 72 70 12 71 53 10 49 82 2 22 69 34 62 33 54 78 95 73 51 23 32 13 38 96 77 91 59 27 45 9 90 50 42 68 28 89 7 26 25 18 0 47 66 99 56 52 61 16 15 24 57 58 40 94 20 4 97 3 5 55 1 37 79 44 98 85 19 39 36 6 46 48 65 60 41 83 31 86 93 30 80 35 76 74 87 67 81 84 63 29 64 17 8 11 14 92 88 43 21 
TEST 88 ARG:41 13 90 79 67 97 63 18 15 43 21 85 83 36 39 47 46 6 84 74 17 23 96 73 88 35 80 22 4 68 9 77 38 75 45 34 70 82 19 24 92 12 62 40 98 26 5 71 30 81 95 57 61 76 50 16 44 87 7 72 14 8 3 2 37 99 31 52 28 93 32 54 48 20 27 91 86 0 1 64 60 89 65 56 53 51 25 55 10 42 11 94 59 66 69 49 33 29 78 58 
TEST 88 ARG:41 13 90 79 67 97 63 18 15 43 21 85 83 36 39 47 46 6 84 74 17 23 96 73 88 35 80 22 4 68 9 77 38 75 45 34 70 82 19 24 92 12 62 40 98 26 5 71 30 81 95 57 61 76 50 16 44 87 7 72 14 8 3 2 37 99 31 52 28 93 32 54 48 20 27 91 86 0 1 64 60 89 65 56 53 51 25 55 10 42 11 94 59 66 69 49 33 29 78 58 
TEST 89 ARG:13 24 60 66 47 48 67 0 87 83 6 97 53 19 52 89 36 5 35 82 55 93 49 29 73 25 65 30 21 42 64 72 74 44 62 38 11 7 40 99 70 41 77 17 71 4 86 27 39 96 63 61 98 75 68 1 56 28 46 76 31 85 92 9 20 34 58 88 80 8 54 2 94 50 12 18 57 59 78 79 69 84 45 23 32 16 51 10 91 95 3 33 26 14 37 81 43 90 22 15 
TEST 89 ARG:13 24 60 66 47 48 67 0 87 83 6 97 53 19 52 89 36 5 35 82 55 93 49 29 73 25 65 30 21 42 64 72 74 44 62 38 11 7 40 99 70 41 77 17 71 4 86 27 39 96 63 61 98 75 68 1 56 28 46 76 31 85 92 9 20 34 58 88 80 8 54 2 94 50 12 18 57 59 78 79 69 84 45 23 32 16 51 10 91 95 3 33 26 14 37 81 43 90 22 15 
TEST 90 ARG:83 59 77 28 38 15 61 39 53 46 79 26 48 6 42 99 47 12 22 32 91 8 55 89 76 36 21 85 80 29 54 63 11 41 68 16 97 9 7 5 51 98 84 58 40 10 23 31 93 18 73 75 86 71 72 0 43 92 14 74 60 57 19 4 25 64 35 81 96 49 78 87 69 65 50 17 33 90 44 3 45 62 2 20 66 67 37 34 56 52 94 82 27 13 95 1 88 70 30 24 
TEST 90 ARG:83 59 77 28 38 15 61 39 53 46 79 26 48 6 42 99 47 12 22 32 91 8 55 89 76 36 21 85 80 29 54 63 11 41 68 16 97 9 7 5 51 98 84 58 40 10 23 31 93 18 73 75 86 71 72 0 43 92 14 74 60 57 19 4 25 64 35 81 96 49 78 87 69 65 50 17 33 90 44 3 45 62 2 20 66 67 37 34 56 52 94 82 27 13 95 1 88 70 30 24 
TEST 91 ARG:74 11 15 3 99 66 53 67 98 22 40 28 90 23 27 60 59 82 0 25 24 61 68 75 6 65 7 30 4 84 80 62 85 47 91 81 63 72 51 57 54 73 20 56 13 83 55 38 86 19 77 9 64 21 17 26 34 94 49 45 50 33 42 12 69 89 92 10 5 48 14 31 93 87 2 88 37 58 76 29 71 36 96 8 35 79 46 32 1 95 78 18 41 52 43 97 70 39 16 44 
TEST 91 ARG:74 11 15 3 99 66 53 67 98 22 40 28 90 23 27 60 59 82 0 25 24 61 68 75 6 65 7 30 4 84 80 62 85 47 91 81 63 72 51 57 54 73 20 56 13 83 55 38 86 19 77 9 64 21 17 26 34 94 49 45 50 33 42 12 69 89 92 10 5 48 14 31 93 87 2 88 37 58 76 29 71 36 96 8 35 79 46 32 1 95 78 18 41 52 43 97 70 39 16 44 
TEST 92 ARG:8 25 36 30 52 67 45 80 76 47 49 22 43 10 35 44 92 87 0 59 86 12 34 26 81 3 1 42 85 61 56 98 75 54 55 71 14 27 39 78 96 70 16 89 84 83 48 79 58 15 31 32 11 38 91 24 46 60 2 53 50 13 94 72 21 93 82 6 63 51 66 33 95 4 90 19 73 62 57 7 99 64 65 69 74 97 41 37 9 5 40 17 68 29 23 18 88 20 28 77 
TEST 92 ARG:8 25 36 30 52 67 45 80 76 47 49 22 43 10 35 44 92 87 0 59 86 12 34 26 81 3 1 42 85 61 56 98 75 54 55 71 14 27 39 78 96 70 16 89 84 83 48 79 58 15 31 32 11 38 91 24 46 60 2 53 50 13 94 72 21 93 82 6 63 51 66 33 95 4 90 19 73 62 57 7 99 64 65 69 74 97 41 37 9 5 40 17 68 29 23 18 88 20 28 77 
TEST 93 ARG:86 93 56 91 65 82 98 44 72 29 37 21 52 0 95 66 61 18 96 30 7 32 59 69 89 53 2 92 83 13 49 58 31 50 8 63 51 47 97 99 40 35 73 57 36 48 81 14 76 10 88 1 42 25 45 28 34 68 84 60 12 90 6 27 77 74 17 64 67 85 54 16 80 41 5 46 70 19 62 71 15 39 24 38 22 23 4 26 87 94 20 33 3 79 11 55 78 9 43 75 
TEST 93 ARG:86 93 56 91 65 82 98 44 72 29 37 21 52 0 95 66 61 18 96 30 7 32 59 69 89 53 2 92 83 13 49 58 31 50 8 63 51 47 97 99 40 35 73 57 36 48 81 14 76 10 88 1 42 25 45 28 34 68 84 60 12 90 6 27 77 74 17 64 67 85 54 16 80 41 5 46 70 19 62 71 15 39 24 38 22 23 4 26 87 94 20 33 3 79 11 55 78 9 43 75 
TEST 94 ARG:46 3 8 79 81 34 25 99 56 54 67 2 77 88 32 31 72 60 0 58 42 20 16 66 61 30 5 53 27 94 33 21 73 26 17 11 98 71 62 96 38 43 90 7 40 47 35 78 45 48 36 14 1 22 92 12 9 6 70 80 55 4 84 23 63 13 85 76 74 86 82 28 41 59 57 65 93 44 95 68 24 91 15 64 69 51 50 18 52 10 49 75 29 37 83 87 89 97 19 39 
TEST 94 ARG:46 3 8 79 81 34 25 99 56 54 67 2 77 88 32 31 72 60 0 58 42 20 16 66 61 30 5 53 27 94 33 21 73 26 17 11 98 71 62 96 38 43 90 7 40 47 35 78 45 48 36 14 1 22 92 12 9 6 70 80 55 4 84 23 63 13 85 76 74 86 82 28 41 59 57 65 93 44 95 68 24 91 15 64 69 51 50 18 52 10 49 75 29 37 83 87 89 97 19 39 
TEST 95 ARG:45 89 52 72 42 46 54 49 78 82 34 13 75 26 66 88 16 35 41 85 64 31 83 77 68 58 3 50 22 51 44 97 92 19 32 12 86 61 38 56 28 76 62 40 43 37 87 24 27 59 36 8 21 47 17 70 30 25 65 91 96 55 1 90 69 71 94 84 2 18 29 14 57 81 60 7 63 74 48 73 79 98 80 6 93 4 95 15 39 9 99 23 10 67 53 0 33 20 11 5 
TEST 95 ARG:45 89 52 72 42 46 54 49 78 82 34 13 75 26 66 88 16 35 41 85 64 31 83 77 68 58 3 50 22 51 44 97 92 19 32 12 86 61 38 56 28 76 62 40 43 37 87 24 27 59 36 8 21 47 17 70 30 25 65 91 96 55 1 90 69 71 94 84 2 18 29 14 57 81 60 7 63 74 48 73 79 98 80 6 93 4 95 15 39 9 99 23 10 67 53 0 33 20 11 5 
TEST 96 ARG:68 62 58 72 93 98 33 88 10 56 94 42 23 36 90 20 19 74 27 73 38 39 81 7 78 89 71 65 46 50 1 34 14 28 16 29 44 82 35 0 63 31 21 4 96 92 55 3 83 91 2 11 25 77 99 41 13 32 48 9 45 85 8 53 95 61 54 6 12 43 59 70 52 26 84 37 64 18 76 67 51 79 5 97 86 49 22 17 30 40 69 66 47 15 80 57 24 87 75 60 
TEST 96 ARG:68 62 58 72 93 98 33 88 10 56 94 42 23 36 90 20 19 74 27 73 38 39 81 7 78 89 71 65 46 50 1 34 14 28 16 29 44 82 35 0 63 31 21 4 96 92 55 3 83 91 2 11 25 77 99 41 13 32 48 9 45 85 8 53 95 61 54 6 12 43 59 70 52 26 84 37 64 18 76 67 51 79 5 97 86 49 22 17 30 40 69 66 47 15 80 57 24 87 75 60 
TEST 97 ARG:19 36 27 56 30 78 25 63 68 28 91 32 20 69 58 96 62 50 98 21 26 2 8 31 59 99 5 51 38 17 73 57 3 90 45 70 75 10 84 74 49 53 6 14 89 42 81 55 95 4 80 72 7 11 46 87 94 9 23 85 82 64 13 12 29 66 97 34 24 47 88 93 44 86 54 16 83 37 61 60 76 1 22 71 0 67 35 79 41 18 40 48 39 15 65 43 77 33 92 52 
TEST 97 ARG:19 36 27 56 30 78 25 63 68 28 91 32 20 69 58 96 62 50 98 21 26 2 8 31 59 99 5 51 38 17 73 57 3 90 45 70 75 10 84 74 49 53 6 14 89 42 81 55 95 4 80 72 7 11 46 87 94 9 23 85 82 64 13 12 29 66 97 34 24 47 88 93 44 86 54 16 83 37 61 60 76 1 22 71 0 67 35 79 41 18 40 48 39 15 65 43 77 33 92 52 
TEST 98 ARG:85 28 31 55 47 17 25 49 43 90 58 86 41 51 36 13 1 26 9 24 22 76 89 97 60 33 10 8 2 94 69 63 59 29 30 56 34 20 16 6 57 81 14 45 67 3 27 15 68 91 23 19 42 82 39 37 78 61 38 4 50 93 21 18 98 62 77 80 72 96 65 12 7 48 79 66 99 35 54 52 44 88 5 0 74 84 70 71 46 75 53 73 64 32 92 87 11 40 83 95 
TEST 98 ARG:85 28 31 55 47 17 25 49 43 90 58 86 41 51 36 13 1 26 9 24 22 76 89 97 60 33 10 8 2 94 69 63 59 29 30 56 34 20 16 6 57 81 14 45 67 3 27 15 68 91 23 19 42 82 39 37 78 61 38 4 50 93 21 18 98 62 77 80 72 96 65 12 7 48 79 66 99 35 54 52 44 88 5 0 74 84 70 71 46 75 53 73 64 32 92 87 11 40 83 95 
TEST 99 ARG:20 35 16 97 85 17 86 89 61 92 75 47 30 21 91 5 24 3 87 27 33 64 90 39 29 69 52 55 22 8 96 11 58 4 98 42 67 7 77 1 57 49 0 40 83 50 74 31 12 95 60 2 48 34 62 76 10 6 59 37 66 19 94 23 53 54 88 32 73 38 93 84 70 71 28 36 81 14 43 45 68 46 99 15 78 13 25 79 26 9 51 56 82 80 18 65 72 44 41 63 
